user@user-VirtualBox:~/Desktop/matrix_transpose$ ./transposeDemo 
Before transpose() 
0.840188 0.335223 0.364784 0.141603 
0.156679 0.512932 0.493583 0.400229 
0.069755 0.890233 0.238280 0.375207 
0.437638 0.639979 0.829201 0.956468 
After transpose() 
0.840188 0.156679 0.069755 0.437638 
0.335223 0.512932 0.890233 0.639979 
0.364784 0.493583 0.238280 0.829201 
0.141603 0.400229 0.375207 0.956468 
Before cacheObliviousTranspose() 
0.798440 0.553970 0.916195 0.242887 
0.108809 0.296032 0.771358 0.352458 
0.086056 0.020023 0.850920 0.667724 
0.720952 0.165974 0.893372 0.858676 
After cacheObliviousTranspose()
0.911647 0.108809 0.086056 0.720952 
0.553970 0.637552 0.020023 0.165974 
0.916195 0.771358 0.266666 0.893372 
0.242887 0.352458 0.667724 0.439560 
Before inPlaceCacheObliviousTranspose() 
0.197551 0.628871 0.717297 0.804177 
0.218257 0.524287 0.769914 0.919026 
0.663227 0.063096 0.539760 0.039280 
0.738534 0.880075 0.686670 0.923970 
After inPlaceCacheObliviousTranspose()
0.197551 0.218257 0.663227 0.738534 
0.628871 0.524287 0.063096 0.880075 
0.717297 0.769914 0.539760 0.686670 
0.804177 0.919026 0.039280 0.923970 
